81,178,9,66,132,10,219,75,125,37,183,18,121,215,28,4
113,144,205,1,97,7,41,112,213,19,159,194,208,212,154,215
121,190,111,174,61,58,87,35,20,68,193,165,208,1,184,59
206,160,154,161,189,203,26,217,114,55,107,74,94,133,77,48
20,119,114,53,70,29,125,201,201,94,179,148,8,120,185,196
178,152,51,140,85,174,173,60,10,113,3,176,190,72,95,193
204,184,36,120,9,21,117,163,165,29,79,204,103,120,162,171
120,162,145,76,96,14,132,121,218,104,82,163,188,136,59,175
161,33,15,71,10,152,215,5,181,116,167,187,113,87,176,214
29,150,136,71,110,206,39,210,183,141,170,198,174,143,137,92
203,217,181,132,108,80,45,98,54,165,209,214,15,141,158,74
126,199,182,26,215,93,46,100,61,89,67,152,215,133,32,151
49,201,158,132,101,127,152,110,106,29,163,193,182,22,16,34
36,120,23,225,161,52,75,86,109,173,217,46,175,174,215,218
183,104,159,193,10,9,175,208,75,216,193,22,74,54,185,202
7,95,71,184,188,207,113,52,41,166,42,3,197,113,89,170
